389 799 2
371 328 0
609 532 0
152 528 3
214 321 0
701 36 2
648 187 1
160 124 1
326 606 3
784 753 1
719 782 3
127 544 0
352 577 0
152 629 0
297 100 1
581 35 3
705 515 0
467 620 0
553 598 3
307 79 1
612 389 2
381 175 3
541 697 0
620 626 3
686 331 3
584 249 0
2 439 3
61 624 1
581 481 2
224 420 0
761 297 2
250 461 2
511 661 0
32 691 3
305 277 0
60 619 0
500 427 0
111 125 3
730 669 0
689 336 1
635 337 0
128 185 1
172 615 2
728 82 3
148 566 0
652 493 3
280 47 2
635 576 3
371 557 2
78 632 3
18 521 3
140 596 1
623 227 3
640 125 0
414 379 1
612 759 1
43 637 1
341 114 2
730 155 1
152 212 0
772 278 3
118 329 3
652 294 0
541 417 1
28 536 0
545 799 3
524 641 3
766 490 2
261 536 1
319 675 3
564 659 1
91 319 2
721 503 0
741 616 2
711 322 2
708 481 0
57 695 1
462 429 1
543 46 3
439 233 0
780 763 3
247 747 1
347 395 3
663 665 0
730 259 3
284 641 1
328 451 1
205 390 2
769 518 1
497 572 0
558 748 1
68 356 1
54 17 2
227 203 1
158 678 3
512 180 1
727 223 1
304 577 1
249 792 2
734 171 3
272 186 1
228 651 1
708 587 2
306 708 1
652 81 3
471 756 0
650 263 1
541 425 2
254 666 0
67 661 1
17 269 3
750 477 1
16 10 1
746 418 1
386 533 3
316 716 2
746 371 2
744 275 0
691 553 0
65 502 1
102 702 0
757 80 3
182 641 0
313 121 3
468 522 3
318 544 1
518 673 0
570 191 2
297 708 3
389 659 1
592 241 1
388 76 3
305 118 1
67 32 0
162 368 3
318 99 2
460 747 1
629 557 3
366 476 1
214 122 3
465 67 2
233 455 3
699 602 1
687 213 3
408 31 1
328 766 0
203 148 3
632 408 3
521 413 3
492 342 0
555 662 1
551 788 2
286 408 1
797 106 0
90 46 3
242 373 1
57 256 2
649 734 0
762 5 1
303 457 1
713 663 0
387 104 1
93 541 2
589 434 0
120 332 2
191 577 3
73 620 3
402 174 1
729 284 3
107 776 1
494 119 3
87 198 2
655 325 3
463 502 1
393 434 0
545 213 0
608 236 3
296 201 3
344 536 0
706 603 0
155 755 2
641 650 0
737 742 1
367 3 0
519 692 3
532 481 2
573 253 2
483 49 2
776 33 0
683 682 0
508 469 3
132 392 3
164 556 3
108 241 3
16 501 0
293 268 3
705 603 2
267 660 1
294 269 2
32 372 3
343 336 2
200 453 2
505 799 0
610 688 1
537 214 0
590 496 0
328 110 1
652 428 2
409 327 1
574 80 3
172 52 2
97 175 0
712 666 2
424 612 2
362 401 3
190 339 3
373 493 3
509 422 2
128 569 0
472 394 3
601 457 3
779 254 3
51 560 1
308 52 2
319 509 1
440 652 1
216 391 3
711 706 1
241 665 2
253 82 2
194 694 2
463 393 2
357 557 3
37 480 2
619 346 2
81 10 1
295 483 1
390 707 0
69 657 2
245 480 3
359 251 3
256 751 3
673 148 0
96 555 3
645 326 2
500 588 0
449 117 1
240 380 1
284 549 3
646 190 2
699 282 0
541 705 0
429 3 1
790 761 2
14 665 1
751 339 3
621 112 1
732 132 1
330 692 2
27 477 0
176 640 3
355 588 2
442 407 3
610 335 0
599 772 2
744 748 0
436 527 1
171 164 1
343 712 2
498 154 0
452 270 1
768 432 1
395 749 0
724 341 0
756 157 2
679 621 3
382 770 1
56 288 1
610 194 2
608 303 2
390 720 3
432 633 1
414 681 0
648 560 0
536 626 3
489 87 3
331 359 1
225 61 3
366 143 2
539 4 2
733 371 3
775 724 1
119 551 3
692 390 3
526 624 3
242 449 0
586 487 0
596 141 3
779 8 2
112 706 0
14 747 1
41 797 3
576 452 3
390 541 1
710 84 2
235 253 1
68 335 1
168 708 2
321 42 1
570 0 3
774 715 2
439 358 2
418 211 1
311 722 3
761 52 0
251 633 1
589 405 1
161 775 2
478 405 3
194 518 3
563 105 3
274 0 3
368 552 0
600 661 0
351 417 1
409 31 2
181 530 0
520 442 0
609 92 2
409 333 0
771 350 1
306 640 0
186 711 0
98 393 2
80 314 1
237 596 0
264 694 1
207 50 2
30 655 3
799 756 2
52 196 2
192 216 1
645 388 2
698 25 0
217 392 0
88 479 2
591 570 1
38 727 0
774 442 1
210 449 1
508 349 2
651 697 2
603 0 2
565 423 2
414 546 3
352 610 1
476 797 0
268 322 0
307 358 0
605 190 2
164 308 0
187 340 0
163 667 1
627 520 3
646 568 3
41 508 1
466 297 1
682 439 0
671 37 1
183 71 0
360 522 1
668 78 0
414 703 0
765 215 1
573 449 3
594 547 1
528 299 3
171 146 1
519 283 1
222 175 3
48 107 1
543 621 2
104 458 3
377 694 3
205 190 0
99 377 0
115 637 2
606 249 3
574 535 2
457 590 1
607 36 1
390 474 1
707 668 3
617 247 0
143 707 0
38 399 0
61 578 3
282 606 2
63 180 1
262 202 1
496 488 2
367 376 1
307 675 3
260 327 2
567 786 1
629 371 1
156 260 2
361 439 3
776 231 3
747 639 0
780 632 3
767 521 1
715 417 2
624 187 0
750 193 0
50 51 3
716 148 0
291 442 1
405 333 3
227 388 3
579 201 1
574 376 2
215 264 0
618 297 0
132 179 2
194 539 0
295 100 3
153 329 0
76 692 3
197 77 1
153 705 0
302 275 0
10 243 0
352 618 1
311 750 2
750 129 0
563 668 1
411 616 0
589 795 2
516 713 1
34 497 0
743 739 1
261 786 2
695 100 0
224 484 2
153 559 0
699 153 3
680 93 2
626 26 0
678 569 2
224 133 1
14 478 0
707 734 2
256 704 2
716 353 0
533 630 2
678 752 0
306 297 1
629 85 2
326 383 0
779 436 0
506 669 0
519 303 2
729 243 2
92 539 2
595 631 0
470 142 3
378 365 3
351 319 2
171 669 3
656 540 3
140 434 0
217 674 3
507 181 2
363 66 3
773 86 2
761 780 1
130 49 2
534 164 0
68 167 2
351 196 3
384 160 2
100 380 0
723 507 2
498 366 0
501 178 3
373 470 3
30 411 0
482 229 0
124 748 1
551 429 2
594 655 2
777 770 0
26 124 0
526 602 3
169 170 2
114 683 2
477 621 0
218 786 2
742 255 0
352 405 3
132 136 2
361 182 3
32 769 2
369 145 0
453 745 2
214 46 2
177 670 2
224 379 0
112 516 2
473 191 1
468 632 0
404 172 0
576 759 0
243 314 3
124 1 1
584 37 3
611 342 2
126 665 3
797 712 2
28 442 3
663 180 1
36 396 3
361 129 3
121 485 0
259 236 1
350 231 0
473 4 3
253 52 2
186 786 0
135 713 1
33 13 3
106 311 1
390 541 3
408 152 3
123 19 1
716 761 0
61 790 2
243 416 0
493 672 2
389 739 1
4 479 0
782 236 3
410 339 1
315 179 2
297 225 1
161 451 2
613 242 2
579 57 2
635 154 3
691 324 0
45 438 2
558 211 3
109 742 1
193 229 3
710 401 3
564 393 3
332 268 1
592 361 2
692 322 0
479 588 0
605 332 2
629 672 2
526 764 3
507 203 1
27 583 2
354 260 3
337 370 1
444 662 2
48 463 1
787 177 0
386 39 1
752 406 3
178 432 1
217 69 3
649 533 3
263 397 1
32 30 3
357 537 2
234 668 0
447 299 1
125 512 3
696 159 1
37 429 3
147 625 1
396 252 0
554 604 1
145 694 2
6 681 3
429 581 2
729 712 1
85 271 2
523 421 3
439 577 0
501 68 3
296 485 0
88 24 0
311 671 0
136 539 1
586 487 1
45 691 3
649 409 1
266 413 2
194 783 3
31 129 3
724 325 3
230 728 3
665 275 0
424 37 1
107 194 2
38 120 2
343 300 2
275 786 2
385 288 1
262 448 0
125 773 0
612 267 2
716 16 0
726 746 1
163 359 1
358 284 0
30 237 0
528 156 0
276 547 3
249 57 2
129 42 1
189 587 0
582 65 1
699 599 3
145 605 0
579 629 3
510 585 0
373 616 1
30 363 3
561 250 2
644 591 3
584 667 0
642 662 2
205 795 0
163 772 2
24 403 1
224 516 3
572 438 2
197 506 1
377 519 0
319 369 1
211 193 2
140 246 1
185 90 0
613 536 1
670 517 3
660 156 2
430 155 3
791 348 2
494 221 1
40 503 1
705 736 1
273 669 1
423 591 1
226 424 0
548 673 0
539 74 2
564 102 0
252 364 2
706 585 3
718 543 1
519 65 0
715 132 1
603 277 3
157 135 0
798 223 0
447 398 0
717 281 2
613 480 1
186 587 2
318 359 1
224 111 1
68 473 0
51 299 1
794 106 1
689 496 0
608 760 2
6 59 2
430 756 2
543 241 0
728 266 3
610 666 2
530 660 0
498 713 2
583 34 1
752 604 1
10 758 3
650 68 1
18 191 2
117 48 0
93 45 1
459 334 1
107 758 1
281 650 2
510 470 3
43 441 3
309 329 0
64 114 1
372 393 1
166 129 1
723 97 2
209 383 3
313 136 1
618 42 3
479 323 2
517 23 2
213 233 3
518 184 2
614 115 1
532 582 1
60 132 2
531 47 0
464 124 1
509 774 0
38 67 1
127 106 2
205 179 1
718 45 2
227 745 0
508 517 1
561 782 0
107 12 3
605 712 1
241 686 3
555 690 0
340 151 0
293 352 2
593 508 0
235 507 2
490 246 2
404 565 2
527 674 0
226 362 2
735 358 3
293 513 2
494 109 1
88 531 0
318 146 3
375 157 2
126 141 2
88 221 1
47 260 3
631 412 2
51 85 2
714 706 0
156 412 3
440 317 2
22 750 0
231 563 3
458 677 2
435 280 0
650 324 2
368 354 0
471 407 2
752 261 0
194 40 0
701 152 3
114 564 0
519 81 0
180 332 1
761 737 3
424 677 3
662 139 1
704 514 1
33 119 1
301 315 2
69 589 1
282 693 2
605 83 3
239 69 0
350 716 3
767 104 1
478 272 3
119 557 2
423 483 3
663 399 3
696 161 1
608 440 1
131 156 2
295 268 0
97 541 2
497 296 0
237 314 3
418 781 2
429 357 2
213 322 1
291 79 3
517 641 3
687 418 2
20 296 0
510 226 2
542 118 1
570 327 1
468 184 2
218 111 2
729 770 3
228 605 3
772 733 2
227 722 2
610 417 1
35 32 3
388 328 2
634 688 2
2 203 0
631 201 0
488 686 0
695 791 1
178 289 1
275 710 1
469 334 2
630 461 2
683 196 1
124 396 1
432 444 0
145 408 2
185 2 0
681 315 1
534 137 3
204 561 3
627 53 0
774 322 2
244 729 3
697 696 0
151 298 3
633 98 3
509 324 3
119 347 0
784 246 1
427 652 0
381 247 3
115 166 3
542 299 1
586 136 0
674 154 3
610 618 0
383 248 3
225 420 1
393 4 2
60 204 3
194 294 2
119 767 2
522 764 1
508 209 0
749 432 0
230 725 1
293 658 3
405 711 3
780 643 1
637 173 1
462 93 2
695 310 2
637 567 3
409 385 1
118 598 3
258 72 0
25 397 1
415 237 2
188 245 1
106 183 0
293 362 0
285 508 2
275 299 2
493 694 2
25 371 3
482 654 2
21 417 3
433 161 0
303 650 2
379 333 2
423 47 1
482 264 0
751 296 0
528 50 2
174 607 0
42 89 3
154 411 0
339 210 3
119 113 1
9 469 1
734 247 2
782 752 0
445 312 2
156 632 2
647 56 3
413 614 1
419 337 3
563 760 0
558 297 2
109 314 0
749 546 3
469 16 1
288 762 0
195 140 3
530 90 1
693 566 1
549 412 0
442 93 2
291 531 3
339 764 0
788 30 1
635 350 3
571 297 2
243 741 0
730 137 2
126 509 3
269 569 3
380 330 3
198 510 0
768 557 0
649 734 0
660 749 1
312 47 3
230 532 1
208 40 0
666 349 1
586 668 3
626 506 1
345 351 3
5 74 1
222 303 0
132 240 3
68 151 0
220 267 1
116 179 3
179 767 0
696 757 1
264 385 0
261 715 3
546 183 0
348 530 3
93 354 1
204 138 2
478 353 2
614 345 3
600 614 2
596 86 0
179 552 2
121 403 2
714 262 0
617 225 2
24 504 2
322 71 3
597 651 0
319 320 2
393 107 0
646 696 0
72 473 0
62 200 0
711 500 2
524 445 1
697 573 1
784 75 2
398 201 1
717 736 2
164 533 0
77 722 1
502 246 1
283 794 3
163 1 1
646 763 2
716 127 0
176 172 3
719 168 1
592 533 3
177 181 1
280 385 1
23 397 2
755 282 3
467 701 3
192 355 1
766 691 1
51 77 3
459 284 3
544 699 3
762 526 3
414 660 2
120 103 2
358 14 3
139 204 1
150 279 2
26 169 3
676 308 1
440 482 1
769 26 0
466 21 0
252 26 3
304 763 1
430 56 2
779 330 3
44 640 2
131 458 1
328 701 0
379 594 3
260 625 2
489 3 2
8 34 1
315 363 0
520 133 3
674 92 2
610 217 1
30 108 1
319 17 3
436 529 3
358 795 2
595 213 0
249 797 2
375 396 2
283 649 3
68 193 2
212 634 3
115 681 0
741 7 2
321 524 3
423 726 3
681 562 3
31 596 3
514 168 3
690 504 0
669 522 2
383 536 1
208 770 2
271 339 1
597 631 0
685 537 0
660 278 3
732 413 0
228 626 1
13 282 1
26 302 2
140 233 1
135 592 3
791 65 1
496 205 2
536 94 0
5 77 2
357 336 3
197 58 0
456 533 2
618 150 1
191 32 2
255 334 1
445 569 3
33 700 2
166 480 1
445 736 0
322 442 2
468 479 1
99 239 0
688 84 2
233 410 1
412 354 2
587 563 3
765 667 3
500 274 3
322 580 1
350 421 1
307 788 2
365 221 3
83 696 2
118 686 0
744 168 3
3 113 3
798 690 1
470 145 3
38 75 2
58 492 1
597 232 2
257 248 2
73 727 0
364 467 0
4 327 3
554 156 3
539 543 3
305 462 1
491 446 3
769 473 0
786 627 0
653 353 1
571 364 1
768 243 3
423 115 1
634 717 2
624 301 1
86 685 2
600 185 0
311 391 1
270 355 2
403 519 2
33 290 2
209 87 1
543 545 0
533 441 2
598 797 3
593 212 1
140 637 3
402 141 0
69 246 2
677 158 3
282 629 0
294 130 1
394 484 1
18 284 1
615 130 2
190 767 1
242 369 3
666 56 0
421 508 0
357 180 1
373 393 0
714 184 2
310 206 2
207 792 3
343 422 2
731 362 3
253 740 2
210 317 2
182 152 2
771 405 0
631 718 1
659 255 2
395 470 2
459 756 0
730 453 3
299 300 2
172 723 3
666 194 0
571 442 0
559 754 2
53 776 3
634 470 2
559 322 1
452 176 0
263 227 0
542 353 0
130 388 2
683 790 1
227 592 3
310 101 1
184 710 3
236 667 0
615 103 2
757 151 1
695 386 0
632 649 1
710 1 3
141 693 3
328 135 3
727 626 3
476 157 0
581 143 2
404 352 2
32 221 3
475 19 0
560 9 1
628 779 2
217 337 1
96 326 2
600 317 0
569 583 2
513 699 2
749 214 3
303 734 0
85 739 3
310 526 3
297 257 0
308 609 1
126 60 1
619 527 3
674 380 2
604 677 3
350 365 3
667 478 3
500 796 3
715 648 2
244 451 1
223 382 1
785 539 1
93 452 1
99 422 1
499 300 0
469 376 2
691 174 1
238 353 0
290 630 3
670 263 0
117 116 2
751 18 1
338 728 3
139 601 0
171 696 2
88 498 0
338 505 3
536 364 2
476 525 2
462 229 2
66 70 1
185 85 3
229 432 3
131 741 3
547 718 0
54 268 2
285 9 0
180 363 2
96 286 2
486 88 0
775 291 1
226 63 1
60 381 3
655 444 2
410 328 3
789 737 1
669 491 3
701 2 1
45 608 1
654 152 0
345 438 3
2 71 1
486 331 0
491 91 2
704 93 3
589 70 1
772 798 2
33 670 0
585 105 2
173 424 2
522 315 0
438 767 2
608 265 3
8 107 0
719 276 0
413 48 3
367 526 3
600 210 2
771 737 0
469 710 2
556 262 0
198 77 2
3 736 1
388 482 0
228 508 1
201 106 0
225 525 3
176 640 3
69 688 2
1 667 0
749 3 2
542 62 2
241 372 1
15 649 0
583 530 0
560 174 3
769 679 1
504 121 3
41 289 0
25 415 3
247 469 2
699 572 3
399 582 3
354 264 0
456 783 2
718 413 2
298 451 1
547 597 0
233 295 3
704 390 3
613 740 3
410 535 2
728 143 1
11 339 2
663 503 3
624 230 1
494 275 1
216 315 2
554 204 3
76 185 0
707 468 2
280 507 2
586 621 2
664 714 0
130 583 3
543 37 2
593 255 3
307 290 3
686 238 2
772 424 3
49 794 0
759 588 1
404 501 0
792 608 0
643 166 3
205 216 1
114 431 1
355 385 3
175 215 2
141 141 1
295 722 1
774 672 0
604 426 0
347 84 2
604 497 3
428 642 0
634 352 2
62 131 2
115 441 2
466 776 1
685 379 0
227 614 3
143 335 2
441 154 0
188 376 2
306 244 3
323 776 0
329 754 3
474 108 1
303 48 0
351 552 0
9 684 0
756 577 1
564 445 3
727 352 2
509 172 2
156 659 3
397 744 0
725 450 0
288 304 3
373 294 3
468 368 0
162 551 3
418 631 3
799 459 1
335 696 2
784 259 0
675 753 3
452 52 0
263 143 2
715 551 0
496 137 0
739 660 2
138 223 3
608 728 2
446 335 1
476 378 1
260 628 0
430 302 1
485 266 2
156 15 2
26 143 1
139 176 1
384 93 3
107 111 1
199 651 3
121 590 2
546 152 1
180 549 0
186 750 0
747 607 3
635 642 3
340 458 0
336 500 0
421 404 2
159 632 2
24 774 0
30 779 3
665 708 1
777 443 3
132 265 2
596 244 2
693 316 3
109 737 0
58 546 0
583 206 2
403 506 1
621 725 3
707 777 1
267 547 0
367 226 2
108 55 2
172 124 1
159 210 3
301 538 2
507 51 0
16 672 3
536 258 0
639 13 1
259 746 3
371 13 2
459 677 2
228 280 3
109 430 0
701 412 0
736 361 2
606 210 2
166 295 1
753 143 3
286 110 1
56 361 1
627 211 1
517 665 1
24 389 0
412 462 1
239 693 2
11 16 2
302 419 0
128 722 0
515 189 3
768 372 2
772 9 3
368 30 0
327 344 1
83 319 1
322 690 0
733 465 3
185 507 2
183 397 3
364 638 0
741 766 2
316 139 2
107 590 2
226 734 1
356 773 0
51 592 2
680 522 1
539 129 0
699 656 1
702 154 1
333 437 0
222 286 2
415 305 3
212 724 1
775 691 2
97 513 0
677 251 3
738 72 2
453 622 0
422 378 2
619 638 3
579 530 2
122 502 3
595 484 0
106 488 3
64 232 2
243 441 0
433 179 3
26 376 2
587 41 3
251 706 2
8 705 1
421 580 3
343 614 3
779 695 0
121 154 1
720 14 0
346 782 0
407 622 3
124 37 2
7 675 2
582 509 1
471 368 3
59 117 2
40 245 0
708 583 1
307 338 2
623 16 0
594 121 1
563 0 2
233 26 3
21 174 3
725 352 3
351 4 2
170 68 3
772 30 1
119 454 0
555 205 3
736 666 3
289 613 2
285 231 3
236 404 0
37 645 2
0 406 0
787 396 2
158 428 2
645 423 2
673 768 0
637 122 1
37 290 0
180 636 2
398 121 1
671 310 0
350 456 0
467 654 0
691 491 2
235 667 1
773 256 0
733 761 2
0 42 2
471 40 0
459 792 1
138 728 1
600 77 1
270 265 1
520 314 0
635 643 1
33 21 3
788 506 2
759 153 1
742 564 1
770 256 3
571 148 3
582 55 2
410 435 3
657 151 3
169 313 1
221 269 1
660 657 0
55 149 0
513 235 0
633 54 2
114 425 3
386 538 3
627 588 2
549 31 3
506 27 3
299 17 2
550 568 2
379 333 3
645 773 3
234 350 3
419 64 2
442 398 3
529 131 0
246 619 0
261 649 1
553 612 3
231 425 2
226 179 0
64 613 1
427 719 1
393 670 3
660 144 2
47 720 2
387 58 0
31 251 1
72 2 0
289 45 2
651 680 3
259 293 3
486 384 2
741 610 1
559 319 3
107 616 3
367 341 2
795 527 0
597 791 1
477 654 0
351 65 2
446 86 0
291 91 1
710 44 1
106 93 3
133 596 0
682 430 2
566 500 3
468 141 2
141 163 0
696 275 2
139 25 3
430 207 0
42 569 1
543 327 2
103 774 0
80 297 3
240 553 0
559 235 1
476 21 0
663 339 1
96 159 1
720 340 1
87 433 1
769 103 3
693 412 1
66 561 1
426 752 0
743 327 1
175 335 2
504 155 1
61 619 3
59 112 1
671 404 0
658 419 2
727 672 0
419 253 1
115 178 3
379 88 1
712 779 2
373 542 1
324 592 2
36 183 2
602 673 1
659 218 0
733 344 1
351 216 0
57 493 0
41 513 2
462 399 2
478 758 3
608 751 1
708 567 2
626 627 1
236 606 1
134 593 0
86 797 2
253 534 1
12 794 2
200 780 3
328 290 0
649 347 1
657 415 3
567 379 2
799 329 2
385 175 3
287 182 0
580 510 2
434 603 1
654 458 2
321 167 0
298 595 0
139 592 1
194 518 2
170 12 1
125 624 3
573 441 0
355 639 1
400 84 0
177 772 0
4 689 1
218 589 0
709 598 3
781 526 2
676 165 3
284 94 1
312 217 1
369 798 1
795 448 2
312 343 2
525 32 2
388 428 0
328 411 0
321 460 0
760 634 2
515 86 2
1 421 0
765 414 2
128 266 3
38 94 0
719 559 3
206 341 0
640 468 3
99 558 2
383 704 3
592 3 1
135 618 2
667 2 0
205 628 0
454 266 0
706 135 1
681 668 0
154 450 1
229 304 2
395 150 1
340 714 3
88 175 0
349 318 3
175 1 2
776 112 2
598 218 0
634 224 0
327 41 1
589 0 3
698 33 1
101 144 0
787 414 3
252 641 1
409 60 1
761 136 1
279 4 3
80 461 1
716 588 2
246 699 2
19 777 2
790 83 1
658 515 2
39 792 1
740 553 0
562 15 2
426 20 2
751 322 2
700 318 2
405 264 2
208 28 2
58 682 1
286 717 0
574 203 1
728 367 3
35 302 2
285 463 1
493 359 3
362 231 1
378 22 0
714 495 1
588 542 2
334 23 1
239 331 2
227 581 1
448 56 3
447 27 1
713 33 0
20 439 1
761 165 3
438 742 2
351 284 1
699 666 0
345 566 0
748 796 1
772 762 3
289 573 1
627 509 2
444 30 0
427 14 0
667 665 2
798 198 1
479 334 0
312 542 0
766 729 3
317 760 3
10 290 2
488 288 3
2 679 0
588 109 2
677 556 3
515 240 1
250 280 3
239 526 0
622 424 3
544 597 3
307 762 1
69 558 3
307 537 1
616 236 0
259 598 2
457 634 2
242 176 2
335 629 3
419 645 1
415 301 2
440 97 3
751 107 3
336 178 1
462 419 0
780 202 3
310 51 0
438 367 1
614 57 0
324 120 0
346 277 2
710 88 0
81 548 2
387 83 3
393 91 1
562 485 2
315 432 3
563 43 2
786 11 1
493 464 0
639 59 0
355 483 2
720 66 1
257 456 2
115 209 1
739 318 3
406 49 3
208 278 1
246 457 0
253 138 0
544 636 0
47 719 2
696 64 1
630 458 0
645 319 0
502 522 0
757 230 3
470 72 2
62 271 1
659 775 0
376 8 3
23 164 3
420 54 2
454 76 3
624 706 2
350 760 2
616 477 2
234 271 2
329 232 1
404 386 3
552 87 2
494 104 1
400 417 1
423 35 0
714 253 1
481 669 3
432 90 0
61 672 3
243 596 2
572 564 1
111 201 3
457 722 1
675 669 0
436 405 0
635 747 3
643 423 0
411 742 1
111 313 3
510 684 2
787 697 1
112 695 3
19 786 1
740 443 1
683 152 3
574 680 3
488 154 2
14 770 0
548 111 2
358 617 2
316 279 1
605 749 3
755 590 2
727 254 3
194 382 3
738 60 0
390 437 1
731 53 0
461 679 3
517 679 2
582 37 2
676 426 0
12 83 2
725 562 2
552 419 2
567 285 2
232 187 0
335 305 1
340 493 3
409 50 1
509 26 0
369 126 1
538 578 3
665 10 3
694 252 3
640 312 3
562 364 3
93 33 3
237 456 3
727 703 1
275 49 1
689 680 3
385 651 1
467 206 3
758 602 3
108 419 1
696 263 0
668 312 0
749 610 0
676 102 1
55 27 1
278 486 3
382 770 2
629 780 2
32 468 2
712 16 3
581 636 1
429 376 2
556 211 0
620 283 2
777 486 0
156 720 0
521 192 2
664 50 0
157 697 2
313 118 2
726 367 3
523 552 3
794 505 2
55 330 1
29 657 0
443 557 2
796 263 2
41 221 3
81 702 2
446 207 0
443 484 1
178 151 3
584 353 3
54 339 3
107 328 3
626 171 0
251 132 1
706 404 1
117 228 2
333 377 2
28 60 3
34 252 0
311 148 2
734 5 1
727 151 3
11 65 0
218 649 1
155 55 2
684 676 0
11 482 0
628 244 0
521 275 0
331 323 1
318 354 2
670 726 1
771 442 0
498 367 2
145 132 1
54 71 1
7 768 0
420 552 1
22 360 0
56 101 0
769 592 0
363 741 1
617 325 0
472 384 3
315 637 1
207 249 2
1 264 1
675 98 1
612 746 2
119 772 0
59 44 1
791 419 2
95 701 1
160 669 1
610 347 1
129 462 0
367 640 0
540 126 0
99 164 0
182 237 2
225 440 0
686 272 0
304 286 1
436 348 2
251 617 0
451 536 0
82 316 0
570 715 2
259 619 1
114 545 1
723 145 0
677 789 0
209 102 0
247 363 1
76 678 0
333 512 2
120 340 1
13 595 1
492 602 2
735 501 3
690 727 0
203 228 2
553 730 0
285 66 3
139 760 2
129 126 3
75 97 2
371 13 3
720 674 1
307 262 2
151 402 3
700 508 1
409 670 2
53 558 1
281 756 3
245 161 3
629 625 1
104 260 3
308 557 0
351 587 2
212 499 2
596 288 0
188 219 2
201 185 2
